0118
2 5.0194820077928037e-01
2 2.8938018160284246e-01
2 3.6363636363636362e-02
2 4.9371215649743833e-01
2 2.7921348314606736e-01
2 3.2503660322108346e-01
2 4.2546385156749844e-01
2 3.7989680871393083e-01
2 1.0864393338620143e-01
2 5.3000923361034158e-01
1 0
2 2.3237450648618163e-01
2 2.3881387344453273e-01
2 1.3181818181818183e-01
1 0
2 1.8668466036887088e-01
2 2.1547619047619046e-01
2 4.1107792560412715e-01
2 2.6211305518169581e-01
2 3.1941031941031944e-01
2 1.5914893617021275e-01
2 3.1233362910381546e-01
2 5.4027179317202530e-02
2 4.4970137018386216e-02
1 0
2 6.9555912252541471e-02
2 4.2192556634304207e-01
2 1.3574408901251739e-01
2 2.9877071084981294e-01
2 5.1863663543950578e-01
2 2.0882088208820881e-01
2 5.0661625708884682e-02
2 2.8918692372170995e-01
2 1.7336874051593323e-01
2 2.6150030998140111e-01
2 7.2659956033784570e-02
2 7.4155815493268593e-02
2 2.2291296625222023e-01
2 8.8779284833538849e-02
2 6.7207415990730004e-02
2 1.9419470845106604e-01
1 0
1 0
2 8.6294416243654831e-02
2 1.1346863468634684e-01
2 2.6533996683250410e-03
1 0
2 1.6167897396035757e-01
1 0
2 2.0561337117628511e-01
2 2.5119904076738608e-01
2 6.6134230068656305e-02
2 8.8620342396777449e-02
2 1.1646538323568098e-01
2 3.4314409262100713e-02
1 0
1 0
1 0
2 7.7648363838047699e-03
2 3.5751117222413198e-02
2 5.2510363887609400e-02
2 1.0750399148483235e-01
2 9.3708165997322623e-02
2 3.3944522802068644e-01
2 2.3583718002517834e-01
2 2.0116126615471064e-01
2 1.7166494312306102e-01
2 3.0986993114001535e-02
2 3.4320280165552369e-01
2 4.6035805626598467e-02
2 9.9784017278617715e-02
1 0
2 1.1238095238095239e-01
2 3.3008036739380020e-01
2 7.2904009720534636e-03
2 1.1508282476024412e-01
2 2.2395265534963402e-01
2 5.0524679362611735e-02
2 3.4664401019541202e-01
2 4.5098308813419496e-01
2 2.7426255347894618e-01
2 1.6098226466575719e-01
2 3.9942252165543785e-01
2 2.0814642024044500e-01
2 2.3063223508459485e-01
2 2.1416803953871497e-02
2 6.5410199556541010e-02
2 2.6140264835703780e-01
2 1.0972636141966947e-01
2 1.2211429292292167e-01
2 3.3527284164176757e-01
2 1.9643633202955238e-01
2 2.8090340794515023e-01
2 4.1525152194809356e-01
2 4.9658659924146636e-01
2 2.4076504781548846e-01
2 2.1911511204750050e-01
2 2.3939915506180567e-01
2 2.9953917050691242e-01
2 3.2791559737667519e-01
2 2.7489553198328509e-01
2 2.8169991326973115e-01
2 2.2195196108239587e-01
1 0
2 2.4713150926743161e-02
2 1.5658657829328915e-01
2 2.1994408201304755e-01
2 1.9802379511998389e-01
2 1.7136195842238197e-01
2 2.7145708582834333e-01
2 1.7454545454545456e-01
2 3.0529595015576322e-01
2 2.6423267326732669e-01
2 3.7101747173689620e-01
2 2.0689655172413790e-01
2 1.9160104986876642e-01
2 2.4123076923076928e-01
2 1.7383618149675903e-01
