0118
2 7.6306413301662701e-01
2 6.6015153178873398e-01
2 3.4001082837033031e-01
2 6.8695422069330514e-01
2 7.1700356718192626e-01
2 4.1210833775889538e-01
2 6.0023724792408073e-01
2 5.9645763523216844e-01
2 5.7868233319345364e-01
2 6.7698978011768363e-01
2 3.3695283338988802e-01
2 3.8671411625148278e-01
2 1.4442097176877280e-01
2 5.1301726500411071e-01
2 2.0125493841505926e-01
2 4.8516772941502634e-01
2 5.2346473585411646e-01
2 6.2203286670724278e-01
2 5.6264197099423363e-01
2 6.6510538641686190e-01
2 3.2518443512223344e-01
2 6.3718118826477965e-01
2 2.9396662387676509e-01
2 4.0542205791743680e-01
2 3.2227488151658767e-01
2 5.4111986001749779e-01
2 7.0187203129365738e-01
2 5.3880200649159049e-01
2 4.1910747957259581e-01
2 7.1253739461517540e-01
2 4.9568627450980396e-01
2 5.6902887139107616e-01
2 6.3779527559055116e-01
2 3.1786271450858034e-01
2 5.0780422346210885e-01
2 2.7259800934389600e-01
2 2.9148077331633737e-01
2 6.0994475138121551e-01
2 4.2506383814574739e-01
2 5.2345786272806261e-01
2 5.9767664925929864e-01
2 1.2388360702967446e-02
2 3.0079940509388364e-01
2 3.1268071045022716e-01
2 4.1418143899895726e-01
2 3.2186276529981456e-01
2 3.2895277207392198e-01
2 2.6302823574000378e-01
2 1.5216440752076957e-01
2 5.4195488721804508e-01
2 3.8114874815905747e-01
2 4.8089591567852440e-02
2 2.9934210526315791e-01
2 2.8309086572859526e-01
2 2.2115235284982143e-01
2 1.0322156476002629e-01
2 2.0907297830374755e-01
2 2.6290196078431372e-01
2 6.6457680250783691e-02
2 5.0171718680005972e-01
2 3.7484276729559751e-01
2 5.5472336313119108e-01
2 6.4918334483551887e-01
2 6.3538244955419998e-01
2 7.2631347548911851e-01
2 5.6182166418386892e-01
2 4.8443432042520873e-01
2 3.8927165354330712e-01
2 6.6913580246913573e-01
2 4.2863019333607566e-01
2 5.0575800599463627e-01
2 4.6102230116439707e-01
2 4.9236051502145917e-01
2 6.4125858630622645e-01
2 3.4367876556198496e-01
2 6.4066654848431126e-01
2 5.1363019612680394e-01
2 5.7425373134328361e-01
2 5.1591877663574837e-01
2 6.6172106824925803e-01
2 2.9928876244665714e-01
2 2.2319730876115254e-01
2 7.3735955056179769e-01
2 5.5316824471959214e-01
2 4.7477744807121658e-01
2 1.9267822736030829e-01
2 3.2480638347805679e-01
2 7.4820143884892076e-01
2 6.6006339144215520e-01
2 4.7039527636542555e-01
2 6.7866690429513454e-01
2 6.1007130124777176e-01
2 1.9814011159330439e-01
2 7.8830574145825993e-01
2 8.0173482032218091e-01
2 7.5256290773532153e-01
2 3.4865470852017938e-01
2 8.1285347043701806e-01
2 7.3660426081342800e-01
2 6.6846725185685352e-01
2 6.0503644797879386e-01
2 6.1290322580645162e-01
2 4.5423728813559316e-01
2 3.4778893398846400e-01
2 2.4399069527009565e-01
2 5.7635175282234108e-01
2 6.1121647250067734e-01
2 5.0402144772117963e-01
2 6.8265845070422537e-01
2 6.4121132323897301e-01
2 5.7898957497995185e-01
2 3.7408407250289238e-01
2 5.7323646590110144e-01
2 7.4719101123595510e-01
2 6.3771988421287018e-01
2 2.5988295712408932e-01
2 5.7493269518396650e-01
2 3.2096385542168676e-01
