0118
2 3.3506731946144430e-01
2 1.6916685898915301e-01
2 1.8518518518518517e-02
2 3.2776747062461348e-01
2 1.6225922298400261e-01
2 1.9405594405594406e-01
2 2.7021535960991466e-01
2 2.3448926633640010e-01
2 5.7442348008385748e-02
2 3.6055276381909546e-01
2 0.0000000000000000e+00
2 1.3146139119336311e-01
2 1.3559831629585087e-01
2 7.0559610705596104e-02
2 0.0000000000000000e+00
2 1.0295212106177128e-01
2 1.2074716477651767e-01
2 2.5871496924128501e-01
2 1.5082284607938046e-01
2 1.9005847953216373e-01
2 8.6453999075358293e-02
2 1.8506834910620398e-01
2 2.7763583716572986e-02
2 2.3002276266922247e-02
1 0
2 3.6031042128603107e-02
2 2.6736734170725457e-01
2 7.2814085347657417e-02
2 1.7562048382029533e-01
2 3.5010764262648009e-01
2 1.1658291457286432e-01
2 2.5989138867339022e-02
2 1.6903478686918177e-01
2 9.4911734164070616e-02
2 1.5041723129591328e-01
2 3.7699603793972865e-02
2 3.8505615402246160e-02
2 1.2543728135932034e-01
2 4.6451612903225810e-02
2 3.4772182254196642e-02
2 1.0753911806543386e-01
2 0.0000000000000000e+00
1 0
2 4.5092838196286469e-02
2 6.0146699266503664e-02
2 1.3284623048820990e-03
2 0.0000000000000000e+00
2 8.7949260042283303e-02
1 0
2 1.1458699472759226e-01
2 1.4364072677408296e-01
2 3.4197942327198957e-02
2 4.6364594309799792e-02
2 6.1833417978669376e-02
2 1.7456713028668747e-02
2 0.0000000000000000e+00
1 0
1 0
2 3.8975501113585748e-03
2 1.8200910045502276e-02
2 2.6963103122043520e-02
2 5.6805399325084362e-02
2 4.9157303370786519e-02
2 2.0441676104190259e-01
2 1.3368220742150333e-01
2 1.1182840483132028e-01
2 9.3891402714932126e-02
2 1.5737322712259569e-02
2 2.0714834742505764e-01
2 2.3560209424083770e-02
2 5.2511934530575129e-02
2 0.0000000000000000e+00
2 5.9535822401614528e-02
2 1.9766242695084221e-01
2 3.6585365853658539e-03
2 6.1054579093432010e-02
2 1.2609610662925289e-01
2 2.5917065390749602e-02
2 2.0966084275436794e-01
2 2.9114148766199183e-01
2 1.5892484342379959e-01
2 8.7537091988130561e-02
2 2.4954900781719783e-01
2 1.1616262767875025e-01
2 1.3034725717161549e-01
2 1.0824313072439634e-02
2 3.3810888252149000e-02
2 1.5035260930888575e-01
2 5.8047871578042136e-02
2 6.5027542657530565e-02
2 2.0139807292650672e-01
2 1.0891566265060242e-01
2 1.6340175953079178e-01
2 2.6202992317023860e-01
2 3.3030608812647155e-01
2 1.3685781283308462e-01
2 1.2303721230372124e-01
2 1.3597582651972984e-01
2 1.7615176151761516e-01
2 1.9611186903137789e-01
2 1.5935007825892525e-01
2 1.6394104583080962e-01
2 1.2482900136798905e-01
2 0.0000000000000000e+00
2 1.2511170688114389e-02
2 8.4943820224719108e-02
2 1.2356020942408377e-01
2 1.0989256938227394e-01
2 9.3710157246068848e-02
2 1.5704387990762125e-01
2 9.5617529880478086e-02
2 1.8014705882352941e-01
2 1.5222816399286987e-01
2 2.2776025236593059e-01
2 1.1538461538461539e-01
2 1.0595065312046444e-01
2 1.3715885234429670e-01
2 9.5191997418522106e-02
