0118
2 6.1689870379260681e-01
2 4.9270611375184398e-01
2 2.0482713633398564e-01
2 5.2317613865376866e-01
2 5.5885078776645036e-01
2 2.5953177257525084e-01
2 4.2881355932203391e-01
2 4.2496589358799453e-01
2 4.0714496604664896e-01
2 5.1170411985018727e-01
2 2.0261171189553154e-01
2 2.3970588235294119e-01
2 7.7830676878493071e-02
2 3.4500552893475855e-01
2 1.1188630490956072e-01
2 3.2027818448023426e-01
2 3.5452233926625498e-01
2 4.5141342756183744e-01
2 3.9144176999756869e-01
2 4.9824561403508771e-01
2 1.9416134047331146e-01
2 4.6754651665945479e-01
2 1.7231000752445447e-01
2 2.5425038639876352e-01
2 1.9209039548022599e-01
2 3.7091454272863567e-01
2 5.4068015497201893e-01
2 3.6873990306946686e-01
2 2.6510814249363868e-01
2 5.5344317701732149e-01
2 3.2950990615224190e-01
2 3.9765223771093178e-01
2 4.6820809248554912e-01
2 1.8896359842337121e-01
2 3.4030670200681562e-01
2 1.5780809031044216e-01
2 1.7060432728177069e-01
2 4.3879173290937995e-01
2 2.6989274133200297e-01
2 3.5451603412768462e-01
2 4.2620459036327707e-01
2 6.2327873604870274e-03
2 1.7702407002188184e-01
2 1.8531211750305998e-01
2 2.6117832719621253e-01
2 1.9179764243614930e-01
2 1.9685426394691571e-01
2 1.5142919485053458e-01
2 8.2347373402744908e-02
2 3.7169966996699672e-01
2 2.3544395924308589e-01
2 2.4637192035099561e-02
2 1.7601547388781430e-01
2 1.6488401166828726e-01
2 1.2432338047843548e-01
2 5.4419410745233966e-02
2 1.1674008810572688e-01
2 1.5134549394979230e-01
2 3.4370946822308693e-02
2 3.3486147099860475e-01
2 2.3065015479876161e-01
2 3.8381812102975593e-01
2 4.8058583106267028e-01
2 4.6561210453920221e-01
2 5.7024508111839833e-01
2 3.9064812074578276e-01
2 3.1963927855711421e-01
2 2.4167430491903452e-01
2 5.0278293135435992e-01
2 2.7277486910994764e-01
2 3.3847128378378377e-01
2 2.9956399076686330e-01
2 3.2657708950125258e-01
2 4.7195042400521853e-01
2 2.0749523607876350e-01
2 4.7130933750652060e-01
2 3.4556016597510375e-01
2 4.0277414289453023e-01
2 3.4763513513513511e-01
2 4.9445676274944567e-01
2 1.7597858815657411e-01
2 1.2561738557787291e-01
2 5.8398220244716348e-01
2 3.8233073244399696e-01
2 3.1128404669260701e-01
2 1.0660980810234541e-01
2 1.9389184645558979e-01
2 5.9770114942528740e-01
2 4.9260792430514488e-01
2 3.0752734291228823e-01
2 5.1362287564067977e-01
2 4.3892273164475792e-01
2 1.0996421690063309e-01
2 6.5058139534883719e-01
2 6.6907962771458118e-01
2 6.0328726186029136e-01
2 2.1113374066530891e-01
2 6.8471199653529669e-01
2 5.8303525804803269e-01
2 5.0202839756592288e-01
2 4.3372921615201898e-01
2 4.4186046511627908e-01
2 2.9385964912280704e-01
2 2.1049909490561158e-01
2 1.3894612893729760e-01
2 4.0484140233722871e-01
2 4.4010924697619974e-01
2 3.3691756272401435e-01
2 5.1820915469428663e-01
2 4.7189922480620156e-01
2 4.0744920993227990e-01
2 2.3007590132827324e-01
2 4.0177398160315375e-01
2 5.9641255605381160e-01
2 4.6812683883622097e-01
2 1.4934797529169527e-01
2 4.0344248530646515e-01
2 1.9115958668197475e-01
